[58, 59, 62, 63, 64]
[71, 72, 74, 76, 78, 80, 82]
[26, 29, 32, 34, 35]
[9, 11, 14, 17, 19, 20, 21]
[89, 92, 93, 94, 97, 98]
[56, 58, 60, 62]
[10, 13, 16, 17, 19]
[27, 30, 32, 35, 36, 38]
[12, 15, 16, 18]
[49, 52, 55, 58, 60, 62]
[73, 75, 78, 80, 81]
[80, 83, 85, 86, 87, 88, 89]
[94, 92, 91, 90, 88]
[42, 39, 38, 37, 34]
[77, 74, 71, 69, 67, 66]
[76, 75, 73, 72, 70, 67, 65]
[10, 7, 6, 3]
[27, 26, 24, 23, 22, 19]
[40, 39, 38, 37, 34]
[36, 34, 32, 30, 28]
[16, 13, 11, 9, 6, 3, 2]
[73, 72, 71, 70, 69, 67, 65]
[29, 27, 25, 24, 22, 21, 18]
[50, 48, 45, 43, 41, 39]
[17, 19, 20, 21, 22]
[71, 74, 75, 78, 81]
[58, 60, 62, 63, 65]
[21, 23, 24, 26, 28]
[88, 91, 94, 96]
[7, 9, 11, 14]
[63, 65, 66, 68, 69, 71]
[24, 25, 27, 30, 32]
[53, 55, 56, 59, 62, 63]
[7, 9, 12, 15, 17, 19, 22]
[85, 88, 90, 92, 94, 96, 98]
[21, 19, 18, 17, 16, 14]
[73, 70, 67, 66]
[74, 73, 72, 70, 69]
[37, 36, 33, 32]
[32, 31, 28, 26]
[92, 90, 87, 84, 81]
[72, 69, 67, 66, 63, 62]
[27, 25, 22, 21]
[12, 11, 9, 6, 3, 2]
[67, 64, 63, 62, 61, 58, 55]
[32, 35, 36, 37, 40, 43]
[56, 58, 61, 63, 64, 67, 69]
[42, 40, 39, 38, 37, 34, 31]
[52, 50, 48, 45]
[71, 69, 66, 64, 62, 60, 59]
[62, 65, 67, 70]
[30, 29, 28, 26]
[42, 43, 44, 46, 49]
[84, 83, 81, 79, 78, 77]
[30, 31, 32, 34, 37, 40, 41, 43]
[36, 37, 39, 40, 42, 44, 46]
[91, 89, 87, 86, 83]
[85, 83, 80, 79, 76]
[89, 88, 85, 83, 81]
[36, 33, 32, 29, 26, 24, 23]
[36, 39, 40, 43, 45, 46, 48, 49]
[64, 61, 59, 58, 56, 55, 52, 51]
[84, 83, 82, 80, 78]
[18, 19, 21, 23, 25]
[15, 13, 11, 10, 7, 4]
[42, 43, 46, 49, 50, 52, 54]
[38, 36, 35, 32, 30, 28, 26, 23]
[34, 32, 30, 28, 25]
[46, 44, 42, 40, 37, 34]
[37, 36, 35, 33, 30, 27, 26, 25]
[75, 74, 71, 69, 68, 65, 62]
[34, 37, 38, 39, 42, 43, 46]
[69, 68, 66, 65, 64, 63]
[58, 59, 62, 63, 66]
[81, 78, 76, 73, 72]
[86, 84, 83, 80, 78, 76, 74, 73]
[63, 61, 58, 57, 56, 54, 53, 52]
[40, 37, 34, 33, 31, 28, 27]
[46, 43, 40, 37, 36, 34]
[8, 9, 11, 13, 14, 17]
[29, 26, 25, 23, 21, 18, 15]
[2, 5, 7, 8, 11, 14, 15, 16]
[71, 69, 67, 66, 65, 63, 62]
[13, 14, 15, 16, 19, 21]
[23, 25, 28, 29, 30, 31, 34]
[20, 22, 24, 25, 28, 31]
[85, 84, 82, 79, 77, 75, 74, 72]
[79, 78, 77, 74, 71, 68, 65, 64]
[72, 70, 67, 66, 64, 63, 62]
[80, 77, 76, 75, 72, 71, 68]
[40, 42, 44, 45, 47, 50]
[91, 89, 88, 87, 85, 83, 81]
[53, 52, 49, 48, 46, 44, 42]
[44, 47, 49, 51, 53, 54, 57, 59]
[66, 65, 63, 62, 59, 56]
[33, 34, 36, 37, 40]
[80, 81, 82, 84, 87, 89]
[26, 29, 30, 31, 32, 34, 35, 38]
[63, 60, 59, 57, 56, 54]
[67, 70, 72, 75, 77, 80, 81]
[77, 76, 74, 73, 72, 69, 67, 66]
[73, 75, 77, 80, 81, 84, 87]
[97, 94, 91, 90, 89, 87]
[49, 51, 52, 55, 57, 59]
[77, 79, 81, 83, 86, 88, 91]
[88, 91, 94, 95, 96]
[13, 12, 9, 8, 5]
[36, 35, 33, 32, 31]
[87, 85, 84, 82, 79]
[25, 28, 31, 34, 36, 39, 41, 43]
[75, 78, 81, 82, 84, 87, 89, 92]
[28, 31, 33, 36, 39, 41, 43, 44]
[11, 14, 16, 17, 19]
[80, 79, 76, 75, 72, 69, 68, 67]
[80, 83, 84, 86, 88, 89, 91]
[13, 14, 17, 20, 22, 24, 27]
[17, 20, 23, 25, 26, 28, 30, 31]
[47, 48, 50, 53, 55, 57]
[61, 62, 65, 68, 71, 74]
[70, 69, 68, 67, 66, 65]
[91, 90, 87, 86, 84, 83, 80]
[65, 66, 68, 71, 74, 75, 77, 80]
[21, 18, 15, 12, 9, 7, 6]
[17, 20, 21, 22, 25, 28]
[79, 80, 81, 83, 86, 87]
[21, 18, 17, 15, 13]
[96, 95, 92, 89, 88]
[67, 66, 64, 62, 59, 58]
[20, 17, 14, 13, 11, 8, 6, 4]
[41, 38, 37, 34, 33, 31, 29]
[47, 44, 41, 39, 37]
[11, 8, 6, 4, 3, 2, 1]
[62, 61, 59, 56, 53, 52, 49]
[53, 50, 48, 45, 43, 40, 37, 34]
[62, 59, 58, 57, 56, 53, 51]
[47, 44, 43, 42, 41, 40, 37]
[39, 40, 42, 43, 46, 48, 49]
[86, 83, 80, 78, 75, 72, 71, 68]
[5, 6, 8, 9, 12, 13, 14]
[33, 34, 37, 40, 41, 42]
[92, 89, 86, 83, 80, 78]
[82, 85, 87, 89, 92, 93, 95]
[70, 68, 66, 64, 63, 62, 59]
[65, 63, 60, 59, 56, 53, 51]
[4, 7, 8, 10, 11, 14, 15]
[63, 65, 68, 71, 74, 75, 77]
[58, 60, 62, 64, 65, 68, 69]
[10, 11, 13, 16, 19]
[55, 56, 58, 61, 62]
[38, 36, 34, 32, 31, 29, 27]
[28, 25, 23, 20, 17, 14]
[8, 9, 11, 13, 14, 17, 18]
[2, 4, 5, 8, 9]
[34, 36, 39, 41, 43, 44, 45, 46]
[30, 31, 32, 35, 36, 37, 38]
[88, 87, 86, 83, 80]
[29, 30, 31, 34, 37, 40, 41]
[14, 16, 19, 22, 25]
[75, 74, 71, 68, 67]
[88, 91, 94, 97, 98]
[79, 76, 75, 73, 71, 69, 66, 65]
[91, 90, 87, 85, 84, 81]
[95, 94, 92, 91, 88, 85]
[85, 82, 79, 77, 76, 75, 72, 70]
[17, 20, 21, 24, 27, 30, 32]
[70, 68, 67, 65, 62, 60, 58]
[64, 65, 68, 71, 73]
[38, 35, 34, 32, 31, 30]
[79, 78, 76, 75, 74]
[67, 69, 72, 75, 77, 78]
[61, 64, 66, 67, 68, 69]
[56, 53, 50, 48, 45]
[60, 61, 63, 64, 67]
[7, 9, 11, 14, 17, 19, 20, 21]
[4, 7, 10, 12, 13]
[67, 66, 64, 61, 58, 56]
[64, 63, 61, 58, 56, 53, 52, 49]
[67, 66, 64, 62, 60, 57, 55]
[45, 48, 49, 52, 55, 58]
[17, 19, 22, 24, 27]
[44, 42, 40, 38, 36, 33, 31]
[44, 42, 39, 38, 36, 35]
[89, 86, 85, 82, 80, 79]
[3, 5, 8, 10, 13, 15, 18]
[61, 63, 66, 69, 70, 73, 75]
[20, 21, 23, 25, 27, 29, 32, 34]
[15, 16, 18, 21, 22, 23]
[76, 74, 71, 68, 65, 62, 60]
[11, 13, 16, 17, 18, 19]
[89, 87, 85, 84, 83]
[79, 81, 82, 83, 86]
[25, 26, 28, 31, 32, 34, 36]
[14, 16, 18, 21, 24, 26, 28]
[37, 39, 42, 44, 45, 48, 51]
[27, 29, 32, 33, 35, 36, 39]
[79, 81, 83, 84, 85, 87]
[67, 70, 73, 75, 77]
[6, 7, 9, 11, 12]
[18, 15, 12, 11, 9]
[39, 37, 35, 33, 32, 29, 27]
[24, 25, 26, 28, 30, 33, 35, 36]
[11, 14, 17, 19, 20, 21, 22]
[38, 35, 33, 30, 27, 26]
[63, 60, 59, 57, 56, 53]
[87, 88, 91, 92, 93, 94, 96, 99]
[86, 87, 88, 90, 91, 94]
[82, 85, 88, 89, 91, 93, 95]
[72, 74, 75, 78, 80, 82, 85]
[62, 64, 65, 68, 71, 73]
[94, 91, 88, 87, 85]
[81, 80, 77, 76, 74, 72, 69, 67]
[91, 92, 95, 96, 99]
[79, 77, 75, 74, 72, 71]
[38, 39, 42, 45, 48]
[18, 19, 21, 22, 25, 27, 28]
[33, 31, 30, 27, 25, 23, 22]
[72, 73, 76, 78, 81, 83, 86, 89]
[80, 78, 76, 73, 72, 69, 66, 64]
[38, 35, 33, 31, 30, 27]
[79, 76, 74, 71, 69, 67]
[38, 40, 41, 42, 43, 45, 47, 50]
[36, 39, 42, 45, 46, 47, 49]
[23, 25, 28, 29, 30, 33]
[91, 90, 88, 85, 82, 81]
[84, 85, 86, 88, 89, 90]
[65, 63, 61, 60, 58, 56]
[38, 36, 35, 32, 31]
[85, 83, 82, 79, 77, 75, 72]
[50, 52, 55, 58, 60, 62, 64]
[62, 59, 56, 53, 52]
[67, 69, 71, 73, 74, 76]
[72, 69, 68, 66, 64, 61]
[60, 62, 65, 67, 68, 69, 70]
[87, 89, 90, 93, 95, 96]
[61, 59, 57, 55, 52, 51, 48, 46]
[79, 81, 84, 85, 88, 91]
[55, 52, 51, 48, 47, 44]
[96, 93, 91, 89, 88, 86]
[22, 20, 17, 16, 14, 12]
[1, 4, 6, 7, 10, 12, 13]
[61, 59, 58, 55, 53]
[50, 47, 44, 43, 42, 40, 37, 34]
[17, 19, 20, 23, 26]
[37, 35, 34, 33, 31, 30, 28, 27]
[61, 63, 66, 69, 72]
[75, 72, 69, 68, 66]
[23, 22, 20, 19, 17, 16, 15, 14]
[77, 80, 82, 84, 85, 87]
[98, 95, 94, 92, 90, 89]
[57, 59, 60, 63, 65, 66, 67, 69]
[50, 49, 47, 44, 43, 40]
[81, 80, 79, 76, 74, 73, 72, 69]
[36, 37, 39, 40, 41, 44]
[37, 36, 34, 31, 28]
[27, 24, 23, 21, 18]
[4, 6, 9, 11, 12, 15]
[2, 4, 7, 9, 12]
[51, 49, 46, 43, 41, 39, 37, 36]
[18, 16, 15, 12, 9, 6]
[79, 81, 84, 85, 86]
[98, 96, 93, 92, 89, 88, 86, 85]
[75, 77, 79, 82, 85]
[63, 62, 59, 57, 56, 55, 53]
[25, 27, 29, 31, 33]
[19, 21, 23, 24, 27, 29, 30]
[46, 45, 42, 41, 39, 36, 34, 32]
[48, 45, 44, 41, 39, 38, 36]
[68, 69, 70, 72, 75, 77, 78, 80]
[30, 33, 34, 36, 37, 39]
[45, 46, 48, 50, 53, 55, 56]
[75, 78, 79, 82, 84, 86, 87]
[78, 81, 83, 85, 86]
[16, 17, 20, 22, 25, 26, 27]
[79, 77, 76, 73, 72, 70, 68]
[96, 95, 93, 90, 88, 86, 84, 81]
[55, 56, 58, 60, 62]
[63, 66, 69, 70, 72, 75, 76, 77]
[10, 11, 14, 15, 16, 18]
[89, 87, 85, 82, 81, 80, 77, 76]
[59, 56, 54, 52, 51, 49]
[35, 38, 41, 42, 43]
[79, 76, 73, 70, 69, 67]
[89, 88, 85, 83, 81, 78, 75, 74]
[14, 17, 20, 22, 25, 26, 27]
[18, 21, 23, 25, 26, 28, 31, 33]
[93, 92, 90, 89, 86]
[33, 32, 29, 26, 25, 22]
[17, 16, 13, 11, 8]
[72, 75, 77, 78, 80, 83]
[85, 88, 89, 92, 94]
[14, 15, 16, 19, 22]
[65, 67, 69, 70, 72, 74, 76, 79]
[81, 79, 77, 75, 74, 73, 70]
[63, 61, 58, 57, 54]
[82, 84, 86, 89, 92, 95]
[55, 54, 51, 48, 46]
[47, 49, 50, 52, 55, 56, 58]
[10, 9, 6, 5, 3]
[20, 22, 24, 26, 28, 31]
[38, 35, 33, 31, 28, 26]
[35, 32, 30, 28, 25, 23, 21, 19]
[57, 56, 54, 51, 50, 47]
[77, 78, 79, 80, 82]
[15, 18, 19, 22, 25, 27, 29, 30]
[17, 14, 13, 10, 7, 5]
[16, 13, 10, 8, 7]
[25, 27, 28, 29, 30, 33, 34, 35]
[50, 51, 52, 53, 55]
[66, 65, 62, 59, 58, 56, 55, 54]
[84, 86, 89, 90, 92]
[72, 70, 67, 64, 62, 60, 58]
[44, 41, 39, 36, 34, 33]
[13, 14, 17, 19, 21, 23, 25]
[91, 89, 86, 85, 84]
[84, 83, 82, 81, 80, 78, 76, 74]
[95, 94, 92, 91, 88]
[78, 79, 81, 84, 86, 88, 89]
[64, 65, 66, 68, 70, 73, 75, 77]
[42, 39, 38, 37, 35]
[25, 28, 29, 31, 32, 34, 37, 39]
[62, 60, 59, 57, 54]
[18, 17, 16, 15, 12, 10, 9]
[55, 57, 59, 60, 61]
[16, 15, 12, 11, 10, 7, 6, 3]
[63, 62, 59, 57, 55, 52]
[44, 42, 41, 38, 37]
[58, 60, 62, 65, 68, 71, 74]
[82, 83, 86, 88, 90, 93, 95]
[54, 51, 50, 47, 44]
[37, 35, 32, 31, 29, 26, 24]
[52, 50, 48, 45, 43, 40, 38]
[68, 66, 63, 61, 60, 59]
[67, 69, 71, 74, 76, 78]
[6, 7, 8, 9, 11, 12]
[8, 11, 14, 17, 19, 22, 24, 27]
[64, 66, 69, 72, 73, 75, 76]
[32, 35, 37, 38, 40, 42, 45, 47]
[40, 41, 44, 45, 48]
[49, 46, 44, 43, 40]
[45, 43, 42, 40, 39, 38]
[41, 39, 36, 35, 34, 33, 31, 30]
[30, 29, 26, 23, 22]
[83, 80, 77, 74, 72, 69, 67]
[20, 17, 16, 14, 12, 11, 8]
[11, 13, 16, 19, 21, 22, 25, 26]
[5, 7, 9, 11, 13, 15, 17, 20]
[12, 14, 17, 19, 20]
[43, 41, 40, 39, 36]
[31, 30, 29, 27, 25, 22, 19]
[73, 75, 76, 77, 78, 80, 81]
[55, 54, 52, 49, 48, 45, 42]
[72, 70, 67, 66, 64, 63, 62, 60]
[68, 66, 64, 62, 59, 56, 53, 52]
[62, 65, 67, 69, 72]
[31, 33, 35, 38, 39, 42, 44, 46]
[34, 37, 38, 41, 43, 44, 47]
[62, 65, 68, 70, 71, 73]
[44, 41, 40, 39, 36, 33, 31, 30]
[99, 96, 94, 92, 89, 86]
[38, 40, 43, 44, 45, 47]
[9, 6, 4, 2, 1]
[5, 7, 9, 11, 13, 16, 18]
[45, 46, 47, 48, 51, 54, 57, 59]
[43, 40, 38, 36, 34, 33, 30]
[6, 9, 10, 12, 14, 17]
[56, 59, 62, 64, 67]
[24, 22, 21, 19, 17, 16]
[51, 52, 55, 56, 59, 61, 62, 65]
[54, 51, 48, 46, 44, 42, 39, 37]
[90, 87, 86, 84, 81, 79, 78]
[62, 64, 65, 67, 68, 70]
[61, 59, 58, 57, 54, 51, 49]
[64, 62, 61, 60, 57]
[88, 85, 83, 82, 81, 80]
[36, 33, 30, 28, 25]
[39, 37, 34, 31, 29, 26, 23, 20]
[81, 83, 86, 89, 90]
[69, 70, 71, 72, 73, 75, 78, 81]
[68, 70, 73, 74, 75, 78, 79, 81]
[33, 35, 38, 39, 40, 43, 44, 46]
[65, 67, 68, 69, 70]
[85, 82, 80, 78, 77, 75]
[20, 19, 16, 13, 10, 8, 6]
[77, 80, 83, 86, 88, 89, 92]
[99, 96, 93, 90, 88, 85, 83, 81]
[28, 29, 31, 33, 36, 39]
[87, 88, 89, 90, 91]
[75, 77, 80, 83, 84, 87, 89, 90]
[72, 75, 76, 79, 82, 83, 85]
[70, 72, 75, 77, 78, 79, 80]
[78, 80, 82, 84, 86]
[21, 20, 19, 17, 14, 12, 11, 10]
[6, 8, 9, 11, 14]
[54, 51, 50, 49, 47]
[32, 31, 29, 28, 25, 24, 23]
[76, 78, 79, 80, 82, 83, 84]
[31, 28, 26, 23, 22]
[66, 63, 61, 60, 58]
[57, 54, 51, 49, 47, 46]
[49, 51, 54, 57, 60, 61, 62]
[29, 27, 24, 22, 20, 18, 15, 14]
[50, 48, 47, 45, 44, 42, 39]
[14, 12, 11, 9, 7, 6, 3]
[16, 15, 14, 12, 11, 8]
[4, 6, 7, 10, 13, 16, 17, 20]
[21, 24, 26, 27, 29, 32]
[34, 36, 37, 38, 41, 44]
[61, 59, 57, 56, 55, 54, 52]
[74, 71, 69, 67, 66, 64, 63, 62]
[21, 20, 17, 16, 13, 10]
[68, 71, 74, 75, 77, 80]
[50, 52, 53, 55, 56, 59, 60]
[32, 34, 36, 37, 38]
[2, 5, 8, 9, 12, 13, 16]
[16, 14, 12, 9, 6, 3]
[3, 5, 7, 10, 13, 15, 18, 19]
[57, 54, 52, 50, 47]
[54, 52, 50, 48, 46]
[42, 45, 48, 49, 50]
[23, 25, 26, 28, 31, 34]
[64, 61, 58, 57, 56, 54]
[53, 52, 50, 49, 48, 46, 43]
[43, 42, 40, 38, 36, 35, 34]
[95, 93, 91, 88, 86, 85]
[50, 51, 54, 57, 58, 59, 61, 63]
[63, 66, 67, 69, 71, 72]
[20, 19, 17, 16, 15, 14, 12]
[51, 48, 46, 44, 42]
[4, 6, 7, 8, 11, 12, 14, 16]
[18, 17, 14, 12, 11, 10]
[90, 91, 92, 93, 95, 96, 98]
[59, 57, 56, 54, 52]
[76, 74, 71, 69, 67]
[43, 40, 39, 38, 35]
[17, 20, 23, 26, 29, 31]
[76, 73, 70, 69, 68, 65]
[25, 24, 23, 20, 19, 17, 16]
[69, 67, 65, 64, 61]
[49, 46, 43, 40, 39, 37, 34, 31]
[43, 40, 37, 35, 32]
[25, 28, 29, 31, 34, 37]
[52, 51, 48, 47, 45, 43, 42]
[24, 21, 20, 17, 16, 15, 13, 11]
[74, 73, 71, 70, 68]
[9, 10, 11, 13, 15, 18, 20]
[64, 61, 59, 57, 56, 55]
[35, 32, 30, 28, 25, 24]
[18, 19, 22, 23, 24, 27, 29]
[47, 45, 42, 41, 38, 37, 34, 32]
[70, 69, 66, 63, 62]
[20, 17, 14, 13, 12, 11, 8, 5]
[9, 7, 6, 4, 2]
[88, 90, 92, 93, 96, 99]
[75, 76, 77, 78, 80, 83, 84, 86]
[72, 71, 69, 68, 67, 64]
